[gd_scene load_steps=14 format=3 uid="uid://cqw3shngy4fdq"]

[ext_resource type="PackedScene" uid="uid://bwr22vfy7ne51" path="res://vroom_vroom.tscn" id="1_aeltk"]
[ext_resource type="Script" path="res://main.gd" id="1_w050b"]
[ext_resource type="Texture2D" uid="uid://bkbhvit6ciinj" path="res://icon.svg" id="2_f7ysm"]
[ext_resource type="PackedScene" uid="uid://b56tuobwjg0m3" path="res://gift.tscn" id="3_y2qhp"]

[sub_resource type="BoxMesh" id="BoxMesh_bxdls"]
size = Vector3(10, 1, 8)

[sub_resource type="BoxShape3D" id="BoxShape3D_mhomd"]
size = Vector3(10, 1, 20)

[sub_resource type="ConcavePolygonShape3D" id="ConcavePolygonShape3D_rbesa"]
data = PackedVector3Array(-5, 0.5, 2, 5, 0.5, 2, -5, -0.5, 2, 5, 0.5, 2, 5, -0.5, 2, -5, -0.5, 2, 5, 0.5, -2, -5, 0.5, -2, 5, -0.5, -2, -5, 0.5, -2, -5, -0.5, -2, 5, -0.5, -2, 5, 0.5, 2, 5, 0.5, -2, 5, -0.5, 2, 5, 0.5, -2, 5, -0.5, -2, 5, -0.5, 2, -5, 0.5, -2, -5, 0.5, 2, -5, -0.5, -2, -5, 0.5, 2, -5, -0.5, 2, -5, -0.5, -2, 5, 0.5, 2, -5, 0.5, 2, 5, 0.5, -2, -5, 0.5, 2, -5, 0.5, -2, 5, 0.5, -2, -5, -0.5, 2, 5, -0.5, 2, -5, -0.5, -2, 5, -0.5, 2, 5, -0.5, -2, -5, -0.5, -2)

[sub_resource type="StandardMaterial3D" id="StandardMaterial3D_kklsn"]
albedo_texture = ExtResource("2_f7ysm")
uv1_triplanar = true

[sub_resource type="PlaneMesh" id="PlaneMesh_vpo6j"]
material = SubResource("StandardMaterial3D_kklsn")
size = Vector2(500, 500)

[sub_resource type="ConcavePolygonShape3D" id="ConcavePolygonShape3D_a82dh"]
data = PackedVector3Array(250, 0, 250, -250, 0, 250, 250, 0, -250, -250, 0, 250, -250, 0, -250, 250, 0, -250)

[sub_resource type="ProceduralSkyMaterial" id="ProceduralSkyMaterial_8tjf7"]

[sub_resource type="Sky" id="Sky_dsln6"]
sky_material = SubResource("ProceduralSkyMaterial_8tjf7")

[sub_resource type="Environment" id="Environment_gr61j"]
background_mode = 2
background_energy_multiplier = 2.5
sky = SubResource("Sky_dsln6")
ambient_light_source = 3

[node name="Main" type="Node3D"]
script = ExtResource("1_w050b")
player_scene = ExtResource("1_aeltk")

[node name="MeshInstance3D2" type="MeshInstance3D" parent="."]
transform = Transform3D(0.678327, 0.199681, -0.707107, -0.282392, 0.959299, 0, 0.678327, 0.199681, 0.707107, -23, 1, -23)
mesh = SubResource("BoxMesh_bxdls")
skeleton = NodePath("../Gift3")

[node name="StaticBody3D" type="StaticBody3D" parent="MeshInstance3D2"]

[node name="CollisionShape3D" type="CollisionShape3D" parent="MeshInstance3D2/StaticBody3D"]
shape = SubResource("BoxShape3D_mhomd")

[node name="MeshInstance3D11" type="MeshInstance3D" parent="."]
transform = Transform3D(0.678327, 0.199681, -0.707107, -0.282392, 0.959299, 0, 0.678327, 0.199681, 0.707107, -65.4541, 0.584644, 9.43996)
mesh = SubResource("BoxMesh_bxdls")
skeleton = NodePath("../Gift3")

[node name="StaticBody3D" type="StaticBody3D" parent="MeshInstance3D11"]

[node name="CollisionShape3D" type="CollisionShape3D" parent="MeshInstance3D11/StaticBody3D"]
shape = SubResource("ConcavePolygonShape3D_rbesa")

[node name="MeshInstance3D3" type="MeshInstance3D" parent="."]
transform = Transform3D(1, 0, 0, 0, -4.37114e-08, -1, 0, 1, -4.37114e-08, -18.1594, 2.08178, 19.6689)
mesh = SubResource("BoxMesh_bxdls")
skeleton = NodePath("../Gift3")

[node name="StaticBody3D" type="StaticBody3D" parent="MeshInstance3D3"]

[node name="CollisionShape3D" type="CollisionShape3D" parent="MeshInstance3D3/StaticBody3D"]
shape = SubResource("ConcavePolygonShape3D_rbesa")

[node name="MeshInstance3D4" type="MeshInstance3D" parent="."]
transform = Transform3D(1, 0, 0, 0, -4.37114e-08, -1, 0, 1, -4.37114e-08, -18.1594, 2.08178, 11.4768)
mesh = SubResource("BoxMesh_bxdls")
skeleton = NodePath("../Gift3")

[node name="StaticBody3D" type="StaticBody3D" parent="MeshInstance3D4"]

[node name="CollisionShape3D" type="CollisionShape3D" parent="MeshInstance3D4/StaticBody3D"]
shape = SubResource("ConcavePolygonShape3D_rbesa")

[node name="MeshInstance3D5" type="MeshInstance3D" parent="."]
transform = Transform3D(0.966806, 0.255513, -1.11688e-08, 0, -4.37114e-08, -1, -0.255513, 0.966805, -4.22604e-08, -29.0022, 2.08178, 21.3235)
mesh = SubResource("BoxMesh_bxdls")
skeleton = NodePath("../Gift3")

[node name="StaticBody3D" type="StaticBody3D" parent="MeshInstance3D5"]

[node name="CollisionShape3D" type="CollisionShape3D" parent="MeshInstance3D5/StaticBody3D"]
shape = SubResource("ConcavePolygonShape3D_rbesa")

[node name="MeshInstance3D6" type="MeshInstance3D" parent="."]
transform = Transform3D(0.966806, 0.255513, -1.11688e-08, 0, -4.37114e-08, -1, -0.255513, 0.966805, -4.22604e-08, -31.0954, 2.08178, 13.4033)
mesh = SubResource("BoxMesh_bxdls")
skeleton = NodePath("../Gift3")

[node name="StaticBody3D" type="StaticBody3D" parent="MeshInstance3D6"]

[node name="CollisionShape3D" type="CollisionShape3D" parent="MeshInstance3D6/StaticBody3D"]
shape = SubResource("ConcavePolygonShape3D_rbesa")

[node name="MeshInstance3D7" type="MeshInstance3D" parent="."]
transform = Transform3D(0.994123, -0.10826, 4.73218e-09, -8.58696e-16, -4.37114e-08, -1, 0.10826, 0.994122, -4.34545e-08, -42.0897, 0.00140858, 22.8025)
mesh = SubResource("BoxMesh_bxdls")
skeleton = NodePath("../Gift3")

[node name="StaticBody3D" type="StaticBody3D" parent="MeshInstance3D7"]

[node name="CollisionShape3D" type="CollisionShape3D" parent="MeshInstance3D7/StaticBody3D"]
shape = SubResource("ConcavePolygonShape3D_rbesa")

[node name="MeshInstance3D8" type="MeshInstance3D" parent="."]
transform = Transform3D(0.994123, -0.10826, 4.73218e-09, -8.58696e-16, -4.37114e-08, -1, 0.10826, 0.994122, -4.34545e-08, -41.2028, 0.00140858, 14.6586)
mesh = SubResource("BoxMesh_bxdls")
skeleton = NodePath("../Gift3")

[node name="StaticBody3D" type="StaticBody3D" parent="MeshInstance3D8"]

[node name="CollisionShape3D" type="CollisionShape3D" parent="MeshInstance3D8/StaticBody3D"]
shape = SubResource("ConcavePolygonShape3D_rbesa")

[node name="MeshInstance3D9" type="MeshInstance3D" parent="."]
transform = Transform3D(0.92073, -0.390201, 1.70562e-08, -8.58696e-16, -4.37114e-08, -1, 0.390201, 0.92073, -4.02464e-08, -57.4537, 0.00140858, 19.405)
mesh = SubResource("BoxMesh_bxdls")
skeleton = NodePath("../Gift3")

[node name="StaticBody3D" type="StaticBody3D" parent="MeshInstance3D9"]

[node name="CollisionShape3D" type="CollisionShape3D" parent="MeshInstance3D9/StaticBody3D"]
shape = SubResource("ConcavePolygonShape3D_rbesa")

[node name="MeshInstance3D10" type="MeshInstance3D" parent="."]
transform = Transform3D(0.92073, -0.390201, 1.70562e-08, -8.58696e-16, -4.37114e-08, -1, 0.390201, 0.92073, -4.02464e-08, -54.2571, 0.00140858, 11.8623)
mesh = SubResource("BoxMesh_bxdls")
skeleton = NodePath("../Gift3")

[node name="StaticBody3D" type="StaticBody3D" parent="MeshInstance3D10"]

[node name="CollisionShape3D" type="CollisionShape3D" parent="MeshInstance3D10/StaticBody3D"]
shape = SubResource("ConcavePolygonShape3D_rbesa")

[node name="MeshInstance3D" type="MeshInstance3D" parent="."]
mesh = SubResource("PlaneMesh_vpo6j")

[node name="StaticBody3D2" type="StaticBody3D" parent="MeshInstance3D"]

[node name="CollisionShape3D" type="CollisionShape3D" parent="MeshInstance3D/StaticBody3D2"]
shape = SubResource("ConcavePolygonShape3D_a82dh")

[node name="Camera3D" type="Camera3D" parent="."]
transform = Transform3D(-4.2222e-08, -0.258819, 0.965926, -1.13133e-08, 0.965926, 0.258819, -1, 8.88178e-16, -4.37114e-08, 12, 7, 0)

[node name="WorldEnvironment" type="WorldEnvironment" parent="."]
environment = SubResource("Environment_gr61j")

[node name="Gift" parent="." instance=ExtResource("3_y2qhp")]
transform = Transform3D(1, 0, 0, 0, 1, 0, 0, 0, 1, -6, 1, 0)

[node name="Gift2" parent="." instance=ExtResource("3_y2qhp")]
transform = Transform3D(1, 0, 0, 0, 1, 0, 0, 0, 1, -6, 1, 4)

[node name="Gift3" parent="." instance=ExtResource("3_y2qhp")]
transform = Transform3D(1, 0, 0, 0, 1, 0, 0, 0, 1, -6, 1, -5)
